# Receiver setup for Transmitter 39161 at Palmyra
# pmax
1.86
# D50
7.223
# D95
149.2
# dref
60 
# number of receivers
14 
# x
715.8664 139.8652 559.4497 196.9066 640.4185 645.9393 377.2617 515.2829 265.0008 18.40651 487.6787 774.7628 18.40651 298.1258 
# y
77.7 35.15004 33.3 81.39996 197.95 116.55 173.9 225.7 159.1 3.699963 325.6 29.60004 136.9 253.45 
# Transmitter data
# dt
240 
# T (total time at liberty)
208560 
# Number of observations
342 
# Reception receiver number
5 6 8 8 7 7 7 7 7 7 7 7 7 7 7 7 7 7 7 7 7 7 8 7 7 14 8 7 8 8 7 7 7 8 7 7 2 2 4 2 4 7 14 7 7 7 14 7 8 7 7 7 7 8 8 7 8 7 8 14 8 7 8 7 7 8 8 7 14 8 14 7 14 7 7 9 14 9 7 9 9 9 7 14 7 14 8 8 5 6 1 6 1 6 1 6 1 5 6 6 1 3 6 3 3 6 5 6 1 1 6 1 5 5 8 8 8 8 8 8 5 5 6 5 1 5 6 5 6 8 6 8 8 8 8 8 8 7 8 7 7 8 7 7 7 8 7 8 7 8 7 7 7 7 8 7 7 7 7 7 8 8 8 8 8 8 14 7 7 7 14 14 14 7 14 7 7 7 7 7 14 7 7 14 9 9 9 7 9 7 9 7 7 7 8 7 8 7 7 7 7 7 7 14 14 14 14 14 14 7 7 7 7 7 7 14 7 9 9 9 7 9 9 9 7 9 9 9 7 7 7 14 7 7 7 8 7 8 8 8 8 8 8 7 7 7 8 7 8 7 8 7 7 7 7 7 7 7 7 14 7 14 14 14 7 14 8 8 6 5 1 6 3 6 3 3 3 3 6 6 3 1 6 1 1 6 3 3 1 6 6 5 6 5 1 5 6 1 5 6 3 1 3 3 3 3 1 3 3 3 3 1 6 6 3 3 3 3 6 6 3 3 1 6 3 6 3 3 3 3 6 5 3 3 3 5 5 6 1 1 5 6 
# Reception times
0 0 240 480 960 1200 1680 1920 2160 2400 2640 2880 3360 3600 3840 4080 4320 4560 4800 5040 5280 5520 5520 5760 6000 6000 6480 6960 6960 7200 7440 7680 8160 8160 8400 8640 9840 10320 10560 10560 10800 11520 11520 11760 12000 12240 12240 12480 12480 12720 12960 13200 13440 14160 14400 14400 14640 14880 14880 14880 15120 15360 15600 16080 16560 16800 17280 17520 17520 18480 18480 18720 18960 19200 19440 19680 20160 20400 20400 20880 21120 21360 21600 21600 21840 21840 22320 22560 23040 23040 23040 23280 23520 23520 23760 23760 24000 24000 24000 24240 24240 24240 24960 27360 27600 29280 29520 29520 29520 29760 29760 34560 34560 35040 35280 35520 35760 36000 36480 36720 36720 36960 36960 37200 37440 37440 37440 84240 84240 84480 84480 84720 84960 85200 85440 85680 85920 87120 87120 87360 87600 87600 87840 88080 88320 88320 88800 88800 89040 89040 89280 89520 89760 90000 90000 90240 90480 90720 90960 91200 91440 91680 92160 92400 92640 92880 93120 93120 93360 94320 94320 94560 94800 94800 95040 96000 96240 96480 96720 96960 97200 97200 97440 97440 97920 98160 98400 98880 99120 99600 99600 100080 100560 100800 100800 101040 101040 101280 101520 101760 102000 102240 102960 103680 104160 104880 105120 105600 105840 106080 106560 106800 107040 107280 107520 108000 108480 108480 108720 109440 109440 109680 109920 110160 110640 110640 110880 111120 111360 111600 111840 112080 112080 112320 112560 112560 112800 113040 113280 114000 114240 114480 114720 114960 115200 115680 116400 117120 117120 117360 117360 117600 117840 118080 118320 118560 118800 119040 119280 119280 119520 119520 119760 120000 120720 120720 121200 121440 121920 122160 170640 171120 172080 172320 172560 173040 173280 173760 174720 178320 178800 179760 179760 180000 180480 180480 181680 182640 183600 183600 184800 185280 185280 190320 190560 190560 190560 190800 190800 190800 190800 191760 192720 192960 193200 193680 193920 193920 194640 194880 195600 196080 196080 196560 196800 197040 197520 198960 199440 200160 200400 201360 201600 201600 201600 202560 202800 203040 203280 203520 204480 204960 206160 206400 206640 207600 208080 208080 208080 208320 208320 208320 
# Covariate from reference tag
0.481 0.483 0.484 0.485 0.485 0.484 0.482 0.48 0.477 0.474 0.471 0.467 0.463 0.459 0.454 0.45 0.446 0.442 0.438 0.435 0.432 0.429 0.427 0.425 0.424 0.423 0.424 0.424 0.426 0.428 0.432 0.435 0.44 0.446 0.452 0.459 0.467 0.475 0.485 0.494 0.505 0.516 0.527 0.539 0.551 0.564 0.576 0.589 0.602 0.614 0.627 0.639 0.651 0.663 0.674 0.684 0.695 0.704 0.713 0.721 0.728 0.735 0.74 0.745 0.75 0.753 0.756 0.758 0.759 0.76 0.76 0.759 0.758 0.757 0.756 0.754 0.752 0.75 0.748 0.746 0.744 0.742 0.74 0.739 0.738 0.737 0.737 0.737 0.737 0.738 0.739 0.74 0.742 0.744 0.746 0.748 0.751 0.753 0.756 0.759 0.762 0.764 0.767 0.769 0.771 0.773 0.775 0.777 0.778 0.778 0.779 0.778 0.778 0.777 0.775 0.773 0.77 0.767 0.763 0.759 0.755 0.749 0.744 0.738 0.731 0.724 0.717 0.709 0.702 0.693 0.685 0.677 0.668 0.66 0.651 0.642 0.633 0.625 0.616 0.607 0.598 0.589 0.581 0.572 0.563 0.553 0.544 0.534 0.524 0.514 0.504 0.493 0.481 0.469 0.457 0.444 0.43 0.416 0.402 0.387 0.372 0.356 0.34 0.324 0.308 0.292 0.275 0.259 0.243 0.227 0.211 0.196 0.182 0.167 0.154 0.14 0.128 0.116 0.105 0.095 0.085 0.076 0.067 0.06 0.053 0.046 0.041 0.036 0.031 0.027 0.023 0.02 0.017 0.014 0.012 0.01 0.009 0.007 0.006 0.005 0.004 0.003 0.003 0.002 0.002 0.001 0.001 0.001 0.001 0.001 0.001 0 0 0 0 0 0.001 0.001 0.001 0.001 0.001 0.001 0.002 0.002 0.003 0.003 0.004 0.005 0.005 0.007 0.008 0.009 0.011 0.013 0.015 0.017 0.02 0.023 0.026 0.03 0.034 0.039 0.044 0.05 0.056 0.062 0.069 0.076 0.084 0.092 0.1 0.109 0.118 0.128 0.137 0.147 0.156 0.166 0.175 0.185 0.193 0.202 0.21 0.218 0.225 0.231 0.237 0.241 0.245 0.248 0.25 0.252 0.252 0.252 0.25 0.248 0.245 0.242 0.237 0.233 0.227 0.222 0.216 0.21 0.203 0.197 0.191 0.184 0.178 0.173 0.167 0.162 0.158 0.154 0.15 0.147 0.144 0.142 0.141 0.139 0.139 0.139 0.139 0.14 0.141 0.143 0.144 0.146 0.149 0.151 0.154 0.156 0.159 0.161 0.164 0.166 0.169 0.171 0.173 0.175 0.177 0.178 0.18 0.181 0.182 0.182 0.183 0.183 0.184 0.184 0.184 0.184 0.184 0.184 0.184 0.184 0.184 0.185 0.185 0.186 0.187 0.188 0.189 0.19 0.192 0.194 0.196 0.198 0.2 0.202 0.204 0.206 0.209 0.211 0.213 0.216 0.218 0.22 0.222 0.224 0.226 0.229 0.231 0.234 0.236 0.239 0.242 0.246 0.25 0.254 0.259 0.264 0.27 0.277 0.284 0.292 0.3 0.309 0.318 0.328 0.338 0.349 0.36 0.372 0.383 0.395 0.407 0.418 0.43 0.441 0.452 0.462 0.473 0.482 0.491 0.499 0.507 0.514 0.52 0.526 0.531 0.535 0.539 0.542 0.545 0.547 0.549 0.551 0.553 0.554 0.555 0.557 0.558 0.56 0.562 0.565 0.568 0.571 0.575 0.579 0.584 0.589 0.595 0.601 0.608 0.615 0.623 0.631 0.639 0.648 0.657 0.666 0.675 0.684 0.693 0.703 0.712 0.721 0.729 0.738 0.746 0.754 0.762 0.77 0.778 0.785 0.792 0.798 0.805 0.811 0.816 0.822 0.827 0.832 0.837 0.841 0.845 0.849 0.852 0.855 0.858 0.86 0.862 0.863 0.864 0.864 0.864 0.863 0.862 0.861 0.859 0.856 0.854 0.85 0.846 0.842 0.837 0.832 0.827 0.821 0.815 0.808 0.801 0.794 0.786 0.777 0.769 0.76 0.75 0.74 0.73 0.718 0.707 0.695 0.682 0.669 0.655 0.64 0.625 0.609 0.592 0.575 0.558 0.539 0.521 0.502 0.482 0.462 0.442 0.422 0.401 0.381 0.361 0.34 0.32 0.3 0.281 0.262 0.244 0.226 0.209 0.192 0.176 0.161 0.147 0.133 0.121 0.109 0.098 0.087 0.078 0.069 0.061 0.054 0.048 0.042 0.036 0.031 0.027 0.023 0.02 0.017 0.015 0.012 0.011 0.009 0.007 0.006 0.005 0.004 0.003 0.003 0.002 0.002 0.002 0.001 0.001 0.001 0.001 0.001 0.001 0.001 0 0.001 0.001 0.001 0.001 0.001 0.001 0.001 0.001 0.002 0.002 0.003 0.003 0.004 0.004 0.005 0.006 0.007 0.008 0.01 0.011 0.013 0.015 0.017 0.019 0.022 0.025 0.028 0.031 0.035 0.038 0.043 0.047 0.051 0.056 0.061 0.066 0.071 0.077 0.082 0.088 0.093 0.099 0.104 0.109 0.114 0.119 0.123 0.128 0.132 0.135 0.138 0.141 0.144 0.146 0.147 0.149 0.149 0.15 0.15 0.149 0.148 0.147 0.146 0.144 0.142 0.14 0.138 0.135 0.132 0.129 0.126 0.123 0.12 0.116 0.113 0.109 0.105 0.102 0.098 0.094 0.09 0.086 0.082 0.078 0.075 0.071 0.067 0.063 0.059 0.055 0.052 0.048 0.045 0.041 0.038 0.035 0.032 0.029 0.026 0.024 0.021 0.019 0.017 0.015 0.014 0.012 0.011 0.009 0.008 0.007 0.006 0.005 0.005 0.004 0.003 0.003 0.003 0.002 0.002 0.002 0.002 0.002 0.002 0.002 0.002 0.002 0.002 0.003 0.003 0.004 0.004 0.005 0.006 0.007 0.008 0.009 0.01 0.012 0.013 0.015 0.017 0.019 0.022 0.025 0.028 0.031 0.035 0.039 0.043 0.047 0.052 0.057 0.062 0.068 0.074 0.081 0.087 0.094 0.102 0.109 0.117 0.125 0.134 0.142 0.151 0.16 0.169 0.178 0.187 0.197 0.206 0.215 0.224 0.232 0.241 0.249 0.257 0.264 0.27 0.277 0.282 0.287 0.291 0.294 0.297 0.299 0.3 0.301 0.3 0.299 0.298 0.295 0.293 0.289 0.286 0.282 0.278 0.273 0.269 0.265 0.261 0.257 0.254 0.251 0.249 0.247 0.246 0.245 0.246 0.247 0.249 0.251 0.255 0.259 0.264 0.27 0.277 0.284 0.292 0.301 0.309 0.319 0.328 0.338 0.347 0.357 0.366 0.376 0.384 0.393 0.401 0.408 0.415 0.421 0.427 0.432 0.436 0.44 0.443 0.445 0.447 0.448 0.449 0.449 0.45 0.45 0.45 0.45 0.45 0.451 0.452 0.453 0.454 0.456 0.458 0.461 0.464 0.467 0.471 0.475 0.48 0.485 0.49 0.495 0.5 0.506 0.511 0.516 0.521 0.526 0.53 0.534 0.537 0.54 0.542 0.544 0.545 0.545 0.545 0.544 0.542 0.539 0.535 0.531 0.525 0.519 0.513 0.505 0.497 0.488 0.478 0.468 0.457 0.446 0.434 0.422 0.409 0.396 0.383 0.369 0.356 0.342 0.328 0.314 0.3 0.287 0.273 
